20
1 1 1 1 1 1
1 1 2 3 1 3
2 1 1 1 3 2
1 1 2 1 1 2
1 1 1 3 2 3
2 3 2 3 2 3
2 2 2 1 1 3
1 1 3 3 1 3
3 2 3 1 1 1
2 1 2 1 2 1
3 3 3 1 1 2
3 3 2 2 1 1
3
4
5
6
1
1
2
3
6
3
1
0
2
3
5
3
1
1
6
0
5
9
8
1
3
3
3
1
2
3
6
7
2
1
6
7
2
1
5
6
8
6
2
5
2
3
4
9
1
7
8
2
7
3
2
4
7
9
1 1 1 1 1 1
1 1 2 3 1 3
2 1 1 1 3 2
1 1 2 1 1 2
1 1 1 3 2 3
2 3 2 3 2 3
2 2 2 1 1 3
1 1 3 3 1 3
3 2 3 1 1 1
2 1 2 1 2 1
3 3 3 1 1 2
3 3 2 2 1 1
3
4
5
6
1
1
2
3
6
3
1
0
2
3
5
3
1
1
6
0
5
9
8
1
3
3
3
1
2
3
6
7
2
1
6
7
2
1
5
6
8
6
2
5
2
3
4
9
1
7
8
2
7
3
2
4
7
9
1 1 1 1 1 1
1 1 2 3 1 3
2 1 1 1 3 2
1 1 2 1 1 2
1 1 1 3 2 3
2 3 2 3 2 3
2 2 2 1 1 3
1 1 3 3 1 3
3 2 3 1 1 1
2 1 2 1 2 1
3 3 3 1 1 2
3 3 2 2 1 1
3
4
5
6
1
1
2
3
6
3
1
0
2
3
5
3
1
1
6
0
5
9
8
1
3
3
3
1
2
3
6
7
2
1
6
7
2
1
5
6
8
6
2
5
2
3
4
9
1
7
8
2
7
3
2
4
7
9
1 1 1 1 1 1
1 1 2 3 1 3
2 1 1 1 3 2
1 1 2 1 1 2
1 1 1 3 2 3
2 3 2 3 2 3
2 2 2 1 1 3
1 1 3 3 1 3
3 2 3 1 1 1
2 1 2 1 2 1
3 3 3 1 1 2
3 3 2 2 1 1
3
4
5
6
1
1
2
3
6
3
1
0
2
3
5
3
1
1
6
0
5
9
8
1
3
3
3
1
2
3
6
7
2
1
6
7
2
1
5
6
8
6
2
5
2
3
4
9
1
7
8
2
7
3
2
4
7
9
1 1 1 1 1 1
1 1 2 3 1 3
2 1 1 1 3 2
1 1 2 1 1 2
1 1 1 3 2 3
2 3 2 3 2 3
2 2 2 1 1 3
1 1 3 3 1 3
3 2 3 1 1 1
2 1 2 1 2 1
3 3 3 1 1 2
3 3 2 2 1 1
3
4
5
6
1
1
2
3
6
3
1
0
2
3
5
3
1
1
6
0
5
9
8
1
3
3
3
1
2
3
6
7
2
1
6
7
2
1
5
6
8
6
2
5
2
3
4
9
1
7
8
2
7
3
2
4
7
9
1 1 1 1 1 1
1 1 2 3 1 3
2 1 1 1 3 2
1 1 2 1 1 2
1 1 1 3 2 3
2 3 2 3 2 3
2 2 2 1 1 3
1 1 3 3 1 3
3 2 3 1 1 1
2 1 2 1 2 1
3 3 3 1 1 2
3 3 2 2 1 1
3
4
5
6
1
1
2
3
6
3
1
0
2
3
5
3
1
1
6
0
5
9
8
1
3
3
3
1
2
3
6
7
2
1
6
7
2
1
5
6
8
6
2
5
2
3
4
9
1
7
8
2
7
3
2
4
7
9
1 1 1 1 1 1
1 1 2 3 1 3
2 1 1 1 3 2
1 1 2 1 1 2
1 1 1 3 2 3
2 3 2 3 2 3
2 2 2 1 1 3
1 1 3 3 1 3
3 2 3 1 1 1
2 1 2 1 2 1
3 3 3 1 1 2
3 3 2 2 1 1
3
4
5
6
1
1
2
3
6
3
1
0
2
3
5
3
1
1
6
0
5
9
8
1
3
3
3
1
2
3
6
7
2
1
6
7
2
1
5
6
8
6
2
5
2
3
4
9
1
7
8
2
7
3
2
4
7
9
1 1 1 1 1 1
1 1 2 3 1 3
2 1 1 1 3 2
1 1 2 1 1 2
1 1 1 3 2 3
2 3 2 3 2 3
2 2 2 1 1 3
1 1 3 3 1 3
3 2 3 1 1 1
2 1 2 1 2 1
3 3 3 1 1 2
3 3 2 2 1 1
3
4
5
6
1
1
2
3
6
3
1
0
2
3
5
3
1
1
6
0
5
9
8
1
3
3
3
1
2
3
6
7
2
1
6
7
2
1
5
6
8
6
2
5
2
3
4
9
1
7
8
2
7
3
2
4
7
9
1 1 1 1 1 1
1 1 2 3 1 3
2 1 1 1 3 2
1 1 2 1 1 2
1 1 1 3 2 3
2 3 2 3 2 3
2 2 2 1 1 3
1 1 3 3 1 3
3 2 3 1 1 1
2 1 2 1 2 1
3 3 3 1 1 2
3 3 2 2 1 1
3
4
5
6
1
1
2
3
6
3
1
0
2
3
5
3
1
1
6
0
5
9
8
1
3
3
3
1
2
3
6
7
2
1
6
7
2
1
5
6
8
6
2
5
2
3
4
9
1
7
8
2
7
3
2
4
7
9
1 1 1 1 1 1
1 1 2 3 1 3
2 1 1 1 3 2
1 1 2 1 1 2
1 1 1 3 2 3
2 3 2 3 2 3
2 2 2 1 1 3
1 1 3 3 1 3
3 2 3 1 1 1
2 1 2 1 2 1
3 3 3 1 1 2
3 3 2 2 1 1
3
4
5
6
1
1
2
3
6
3
1
0
2
3
5
3
1
1
6
0
5
9
8
1
3
3
3
1
2
3
6
7
2
1
6
7
2
1
5
6
8
6
2
5
2
3
4
9
1
7
8
2
7
3
2
4
7
9
1 1 1 1 1 1
1 1 2 3 1 3
2 1 1 1 3 2
1 1 2 1 1 2
1 1 1 3 2 3
2 3 2 3 2 3
2 2 2 1 1 3
1 1 3 3 1 3
3 2 3 1 1 1
2 1 2 1 2 1
3 3 3 1 1 2
3 3 2 2 1 1
3
4
5
6
1
1
2
3
6
3
1
0
2
3
5
3
1
1
6
0
5
9
8
1
3
3
3
1
2
3
6
7
2
1
6
7
2
1
5
6
8
6
2
5
2
3
4
9
1
7
8
2
7
3
2
4
7
9
1 1 1 1 1 1
1 1 2 3 1 3
2 1 1 1 3 2
1 1 2 1 1 2
1 1 1 3 2 3
2 3 2 3 2 3
2 2 2 1 1 3
1 1 3 3 1 3
3 2 3 1 1 1
2 1 2 1 2 1
3 3 3 1 1 2
3 3 2 2 1 1
3
4
5
6
1
1
2
3
6
3
1
0
2
3
5
3
1
1
6
0
5
9
8
1
3
3
3
1
2
3
6
7
2
1
6
7
2
1
5
6
8
6
2
5
2
3
4
9
1
7
8
2
7
3
2
4
7
9
1 1 1 1 1 1
1 1 2 3 1 3
2 1 1 1 3 2
1 1 2 1 1 2
1 1 1 3 2 3
2 3 2 3 2 3
2 2 2 1 1 3
1 1 3 3 1 3
3 2 3 1 1 1
2 1 2 1 2 1
3 3 3 1 1 2
3 3 2 2 1 1
3
4
5
6
1
1
2
3
6
3
1
0
2
3
5
3
1
1
6
0
5
9
8
1
3
3
3
1
2
3
6
7
2
1
6
7
2
1
5
6
8
6
2
5
2
3
4
9
1
7
8
2
7
3
2
4
7
9
1 1 1 1 1 1
1 1 2 3 1 3
2 1 1 1 3 2
1 1 2 1 1 2
1 1 1 3 2 3
2 3 2 3 2 3
2 2 2 1 1 3
1 1 3 3 1 3
3 2 3 1 1 1
2 1 2 1 2 1
3 3 3 1 1 2
3 3 2 2 1 1
3
4
5
6
1
1
2
3
6
3
1
0
2
3
5
3
1
1
6
0
5
9
8
1
3
3
3
1
2
3
6
7
2
1
6
7
2
1
5
6
8
6
2
5
2
3
4
9
1
7
8
2
7
3
2
4
7
9
1 1 1 1 1 1
1 1 2 3 1 3
2 1 1 1 3 2
1 1 2 1 1 2
1 1 1 3 2 3
2 3 2 3 2 3
2 2 2 1 1 3
1 1 3 3 1 3
3 2 3 1 1 1
2 1 2 1 2 1
3 3 3 1 1 2
3 3 2 2 1 1
3
4
5
6
1
1
2
3
6
3
1
0
2
3
5
3
1
1
6
0
5
9
8
1
3
3
3
1
2
3
6
7
2
1
6
7
2
1
5
6
8
6
2
5
2
3
4
9
1
7
8
2
7
3
2
4
7
9
1 1 1 1 1 1
1 1 2 3 1 3
2 1 1 1 3 2
1 1 2 1 1 2
1 1 1 3 2 3
2 3 2 3 2 3
2 2 2 1 1 3
1 1 3 3 1 3
3 2 3 1 1 1
2 1 2 1 2 1
3 3 3 1 1 2
3 3 2 2 1 1
3
4
5
6
1
1
2
3
6
3
1
0
2
3
5
3
1
1
6
0
5
9
8
1
3
3
3
1
2
3
6
7
2
1
6
7
2
1
5
6
8
6
2
5
2
3
4
9
1
7
8
2
7
3
2
4
7
9
1 1 1 1 1 1
1 1 2 3 1 3
2 1 1 1 3 2
1 1 2 1 1 2
1 1 1 3 2 3
2 3 2 3 2 3
2 2 2 1 1 3
1 1 3 3 1 3
3 2 3 1 1 1
2 1 2 1 2 1
3 3 3 1 1 2
3 3 2 2 1 1